-1
974751 455073 529105 252703 2211632
730230267
1007566 511238 519517 244534 2282855
100764752
993601 473322 505894 252574 2225391
898582424
965736 475239 515580 216382 2172937
722078304
1002021 460007 547795 255772 2265595
836038676
1006649 509906 556853 252262 2325670
559691050
998191 506249 539862 228342 2272644
317143501
1004227 476892 531909 228318 2241346
592108511
1005412 484125 384042 212939 2086518
64804837
994218 488444 551602 228502 2262766
589965740
1017175 468071 497638 228378 2211262
